Phase 1 : Protocol Laplace-DO
Phase 2 : Protocol RangeQueries-AS
Export As Encrypted Data...
Answer : Protocol Laplace for e = 1.0
[597]
[602]
Runtime(KeyGen) =  0.09882020950317383
Runtime(DO_ComputeEncX) =  0.955321165005366
Runtime(AS_MergeEncX) =  0.0022521018981933594
Runtime(AS_Laplace) =  15.416200876235962
Runtime(CSP_Laplace) =  0.0053441524505615234
[array([ 62.,  24.,  38.,  60., 264.,   3.,  68., 111.,   2., 132.,   4.,
        18.,  16.,  46.,  56.,  39.,  81.,  84.,  85.,  23.]), array([  0.,  62.,   2.,  53.,  40.,  11.,  23.,  28.,  18.,  54.,  14.,
        15.,  13.,   4., 123.,   9.,  17.,   4.,   3.,  11.]), array([10.,  7.,  3.,  9.,  3.,  3.,  3., 18.,  1., 36.,  6., 48.,  4.,
       32., 13., 14., 13., 13., 15.,  2.]), array([ 3., 41.,  4., 18., 20.,  8., 20.,  5.,  5.,  5.,  3.,  1.,  2.,
        0., 16., 33.,  2., 10.,  0.,  2.]), array([ 3.,  3.,  1., 14., 11.,  1.,  3.,  3.,  6.,  4.,  3., 15.,  1.,
        8.,  5.,  4.,  9.,  3.,  3., 14.]), array([ 9., 12.,  4., 14.,  2., 20.,  4.,  1.,  5., 18.,  6.,  8., 11.,
        0.,  0.,  8.,  0., 13.,  9., 12.]), array([ 9.,  5.,  7.,  3.,  7.,  1.,  4.,  0.,  3.,  2.,  3.,  1.,  3.,
        7., 10.,  4.,  9.,  0.,  5., 11.]), array([22.,  1.,  5.,  1.,  6.,  1.,  3.,  1., 11.,  0.,  7.,  3.,  5.,
        4.,  4.,  8.,  2.,  2.,  4.,  8.]), array([ 1.,  7.,  6.,  4.,  1.,  3.,  2.,  7.,  0.,  2.,  7.,  4.,  0.,
        7.,  3.,  1., 12.,  3.,  1.,  2.]), array([ 3.,  2.,  1., 15.,  3.,  2.,  6.,  4.,  2.,  3.,  6.,  4.,  0.,
        1.,  7.,  2.,  0.,  3.,  1.,  2.])]
[60.8, 25.2, 12.65, 9.9, 5.7, 7.8, 4.7, 4.9, 3.65, 3.35]
