Phase 1 : Protocol Laplace-DO
Phase 2 : Protocol RangeQueries-AS
Export As Encrypted Data...
Answer : Protocol Laplace for e = 1.0
[197]
[193]
Runtime(KeyGen) =  0.06934213638305664
Runtime(DO_ComputeEncX) =  1.035131756067276
Runtime(AS_MergeEncX) =  0.0009589195251464844
Runtime(AS_Laplace) =  6.969149112701416
Runtime(CSP_Laplace) =  0.006610870361328125
[array([ 10.,  15.,  19., 238., 105.,  45.,  59.,  83.,   1.,   8.,   9.,
        26.,  46.,  16.,   4.,   1.,   6.,  41.,   7.,   5.]), array([25.,  1., 76., 13.,  2., 22., 18., 24., 34., 24.,  8., 13.,  3.,
       35., 51., 13., 69., 27.,  4.,  9.]), array([ 4.,  1., 14.,  2.,  3.,  2., 19.,  7., 19.,  1., 52.,  2., 37.,
        1., 18., 16., 19., 20., 36., 15.]), array([ 0.,  8.,  8., 11., 24.,  4., 12., 22., 18.,  2.,  5.,  6.,  8.,
       34., 15.,  0.,  1., 28.,  2.,  3.]), array([10.,  6., 15.,  4., 15.,  4.,  0.,  5.,  4.,  3.,  9.,  1.,  4.,
        5., 11., 15., 20.,  5., 11., 21.]), array([12.,  2.,  6.,  4.,  6., 20.,  5.,  9.,  4.,  2., 15.,  1.,  4.,
        3.,  0.,  4.,  6.,  0.,  8.,  5.]), array([ 5.,  1.,  2.,  1.,  0.,  0.,  6.,  0.,  0.,  2.,  3.,  4.,  1.,
        6.,  8.,  2.,  9., 13.,  4.,  5.]), array([ 5., 11.,  0.,  4.,  1.,  1.,  6.,  2.,  4.,  2.,  8.,  7.,  6.,
        8.,  6.,  0.,  5.,  6.,  1.,  4.]), array([ 2.,  5.,  2.,  2.,  2.,  6.,  8.,  4., 12.,  3., 14.,  1.,  1.,
        0.,  2.,  3.,  2.,  2.,  2.,  2.]), array([ 0.,  2.,  1.,  4.,  1.,  0.,  3.,  4.,  3.,  5.,  3., 12.,  1.,
        5.,  8.,  2.,  3.,  0.,  0.,  1.])]
[37.2, 23.55, 14.4, 10.55, 8.4, 5.8, 3.6, 4.35, 3.75, 2.9]
